000100000000000001011101010100001000000000000001111000100000010000000000000101110111000011101010100000001000101010010111011101100111000110001000
000000000010101010100000010000000000000101110001000011101011000011001000100001100110011101010110111000111001111100000011001010011001011001011101
101110000010000000000000101010000111000100000000000001100101001110001000000000000010111000011011000010010011010111001001001100010110011001011100
110100100100110101110010010101001101001000101001011110001000101111011000110100010101011010100101011011100010001100000101001101000100110100101010
010101111000010111000001110011010001100100001010011001011110000101110000100001000100010001010001001110101111100001011100001000001110110100010010
011011101101111000010111000010001011001001010100000101001011101101100101011100001001100010110110110100011011000010101100101111000010001000110001
100000111000101100111000111011110100100011100001000100001000110000011100010100100101011110111000010000111110000101001001001101000111010111011100
000100001001101011000011010101001010110001110110100001010010100110011010111010110011000100100100100100010110010110000110110001000100101100110100
111001000110000101100001011100110011000011101000101001110001100000011101101110110101010010101010011011101000011000110001101001110101010101101100
110011001101000100110001011000100100010011101011010010010011100000111011110110001111001011111010100011100110111000001111000001111100010001001101
100100100111101110000100010001100001000100010101100000101101011011100001000100010111010000111100011010001011011100111000010001000101110101010000
111110100010101000111110100100011100001000100010111110000111100111010000011011101111000010001000101110011101111001110000010110111101110000100010
001010111000100110001010001010001110011100001000100010100101111010101010100010011100110110100010001000000111100011001011100100101011010111011000
100000110101001110101001111000011110101110010100001000001101010111001100100010010101100011101110000010000111100101101111011110100100111010011011
100000100010000001011010110111100111001010110010111010001000100000010110001101110001100011100110101110100010001000100101011011011100101001000111
101011110000100010001001100101110011001010001110011010111010001000100010011101011101110010010001100110110110100010001000101000010111011101011100
011011101011101000011110001001110110110111101001001101110110111010000111100010011001101101110011010110011101101110100001101011000110001110101011
110101001001001101110000011010100001010101110010101011010010110111011010000110101010010001101101101010110011101101110110100001101001000101011111
011010101100111011011101101100011011011000110110100001101001000101011011011011101001001011011011101000011110000010000110110111001001010010110110
011000001001011100100110001101101110010100100101011110000010110110101001011111011101101100110111010111100000101110000001100110110011011100010001
110010011000001010100000011101101101110011000111011100100110100010100111100111011011011101101001010101001001100000101110000001110101110111101100
001101110101111001001011110100010111000000111010111011101101101010111001001101100101111011001011110110010111101000101110000001110101110011001100
011001001110111010001011100010011101001100110010100110010100100111000010111000100111010011001011110001100100111011101000101110001010000011101110
111101011000110110111010001010011110100101101011101110110101010101100111000010111000001001011010111010101001100100111001110000101110000010110110
100110101010010101001010011100001011100000111000111001110010100101010011101110000010110110001110011110011011110000111001001001011000101100111100
101000101010001001011110010011010110001011010001000110001000101110100111011100110101100010111000001110011101101000100001111000111011010000101110
010011010111010010001001011001101110101110001010011110110001111000100010010110011011011011000010111000001011100010010111100001001000111010110000
101110001010100110100110010111010101110001101010001011011110101001101010100101110110011011100011000010111000101000011001101000100101010100101000
110000101110010010000101011001111011011001101010001110001011100110011101100110011110110111011010101011100010101010000111011001110111101001111000
101000111000101110101001110110011001101100011001101010101100001010100000011101110111100110100111010011100011000010111001000111011010000111101010
000110101010101000101110010010100110011101111011011101001110101000001011011110110001101000101010110110011011101010000010100110001101100010010111
101010000101001000100000101101010011101010101101101000100010001110001000001011010110110010001010011110001000010100100010000010100111001011101010
001001100001100101001010011000000010110011100111011011100001010011110101101101011100110111010100100011111000010100111001011010110111010101110010
111001011110000101110000010110100101010101010100101001110111100001011100010101000111010101110011000011011100111000010111000001001010010111010101
110000110111011101000100110000010000101110010011011100001010110111010001000100010100001011100100011010100011110100110100010001000001001011011001
000110000111001101011110000100010000010000110110010001011011101110110111100001000100010100101011011100111000110010101110110100010001000101010010
110101011110101000111011101101000100001101011001010101001111011010110110110110010001100010110101110101100011110110100100101101100000010001001100
111010010111000110001000101001101011000100010100010010110011101101010101001101110111100001000100010111001110111100111010011010011101111000010001
000010000100001111001101100010111010111110000100010001011101011011001101011010001010101111100001000100010111010110110010010100110011101011111000
010001000101110101101110011110001010111000111110000100010000100001010011101011011001110001110011000000111011011011010000111011110000100011100101
101000010100111001010110010000101100110001001001011001000100010101001101010100001011001100001001101110010000111100010100110111000011110010110011
100100100100010011010001001100010000101100001100111000111001000100010101011010111010101001010100001101110110000001000100000110010000110010011001
000100011100100000010001001010101101001000100100101000111000111010000100010010111101000001101111001011001101110110110001001011101010101100100010
010111100100100101110100010000101110101100001010110101010111000101011101000100001011100111011011101000101101110001110011010001000011000111111010
101011101011011011011101110100010000110010000110101000111011010111000110111101000011101101101011011010001010110101110001010111010000110011101011
010110100001110001011011010111110100001100111110101101101000100100110010110101111101000011010000101011101010001001010100001100111111000000110011
111010011000100010010101001011000111110010001100110000000010000100111110010011010000110100001001111000011010011010111001011111110000001110111110
100101000110101111001100101001101011000011110000010011101100100011010100101010010001010000000101000100111000111011100000001000010000110101000111
000000010010100101110010101110000000100101010011010011011100000001001110001111000110111000000010011100101101001001111000000011000000001001010100
101000101100000011101011100001100011001101100101010001110010110001000001111000111011011011001111011101100101101100010000100001111101111010110100
011000110111011101000100001100010111011101110111001100010010010111000001000001111000111011010100110001001100011101110100010000101101011101110111
010100010001010110111110000100010000001111000101110001010010110101110111010001000100010010010101100101110010110100011101110100001111000000101101
111001100011100111011011011101000011101111010001010110010111000010010110001111010000111100000011110101100101010100011110100011111000010001000100
110100010111010100101000111100101110000100010010010001010101010010110010101010110011100001000101010100010001100100110010011010011100111000010001
000101011101011001000011100100101001011101000100010000011111011101110000101001001010110111100001000100010101110111100100001110011001101100111000
010011001001001101011001000011101000011011001110100100111100001000100010110010001010100101110010011101110110110001111101000011110001011001000101
110101000000101010111011100001000100010111010001011101001100001010100101111000010001000101010101010101001100100100101011011110000100010001010111
010101110000111001001010011011100001000100000110010101011011101100011011101110111001000101000001011101010110110010101000101001011110000100010001
010101010101101110110010000110010111100001000100010100110101011100101110100010101101111000010001000001010100010101010100100110101101011110000100
010000010111000101010010111010101110110011100001000100000110001111010101001110100100100100111000010000111101100101010101001011101001001001011110
000100010000010011010101010000111010101110110111100001000100010101110101011100001010101011011101111000010001000001010100010010111100001100111001
011101000100001101010101011100110011001010110010010111100001001100000100010001001100110100111100100011111000010011000001000100010101000100101110
111001011110000101001110010011010101101111011011110010010011010001010011100100010101010100110010111100100101110100010100111101000101010111001101
010000101001001110000101010000010011000101110001000010001010010011100001011100000101110101011100001110011010101011111000010101000101100100010111
001011100100101010111110000100110001010111010101001111001001001010101111100001000100010111110101010100110000000011100100110100001110111110010110
010010101011100011001001101100000100001101101001010100001110111001010010011010110001011011110101011001001011101110100011100101101000010001000101
011101010001000100001010110111010010000000010001011101010101010010001001100010110010101001100010010100011011011100100010001001001001100010010111
100101110111000111000000101010001010100111100101111010010001101101110000001001100010100110001000100010000110011100100110000001111000110001101001
010001100111001000111011100000011101111100111011010001001100011101001110011010001000100001001111000100010011000110001100011110100010001000110011
101000101010110100100101001001101000100010010101001010001010011101000101010110011011001000110100010001001010100100000101010110100010111001011101
100100011010001000100011001110000010101011010010010101100110100010001000110011100000111001110101000011001011101000100010001100101000010101111101
010001101001111000000111011011001110000101100110000110100011100101100010101000101101011101111000011101111000101001011000101110100010111000100110
000111011101110001111000000111100101010110000111010101010110100011100110000010111010101111101001110110011001010111001011101000100101100101001000
010101011000101110011011011010001000010101010010110101011010001001100100100110100010000101010010101010000111011001111001001001101000100001010101
001010011101011000101010010110011010001000011001010010100110010110001001100100011110100001110111010101101001000110100010001010111001101000011001
111101101100001101011000011110001111011010000110100001011110110100011110000110011010100011000000001000111001011100111110000011010000101011000010
001111011010101101110011100000110100011000101100111101010110011011011110111000001111000101010100010101010100101000111011001101000011101010011101
010110010111000010101110110110100001010001011011111011011011010001000011100101101100010110011010010101110110111101010100110101011011000110000111
011111011100010001101100110001010111000001011010000111010101001011111001010100011110110000010110111110001001010011011101110000110111101100100101
111010001011011111000100100111110010100111011010110110100010111000010001001101011100101001111000111101110000101110001100000101001010111011011010
001110111100001011100010111001110010100110110101100010110111010010101110000101010010100000111001110101010010010001011011101001010111000010111001
110010011100101001101101000110101101110000101110010100010110001010011011001110001111011100001011100101000101010011101010100100100010110111000010
111001010000011100111001101101000110111101110000101010010100001000001010011010001101110010111101001011111000010111001010001011000101010101100111
001001101110000101110010100000111001010011010001110010010111100001011100011000001010010101110100100100100110110100010111000110010001101001101100
101001001001101100000101101111100000101010110111001010110010011011000001011010110110110100110101011000110100100110110000011101001001011100000110
110101101011001001101011000101110010011001000010001111001011110001011010010001011011110101010101000011110010110100100110100100010111000101100011
001011001100101111000111011010000101010110011001000010101011000010101101110110100001011101000110101100011011110010111011100101101100010111011001
100011101000110100001110110111011011000101110111011001000010101100111100001101101101000000000110000110110110111101100010111011101110101001000101
011110000110101001011000101111000011011011010101010110011101101101101010000000110000110011010101010000000001100101010101010000101100000001010000
000101100110010110111110000010011001101101101101010101011110011000111001100000110010011011001000011101100101011110001110110110010110101000111110
001001011001100101010011011010000000001011001100011110100110000000010110011000111100101100000000011111000010111010111000010110111101110101110010
101010101110111001011110000101101111011111011100100100110100001110010111101001011111000010110111001011101110100100011010001001011011101000101101
100011011011100101000111011110010110111010001010011000110110111010010001101000101011110110100010000101101111101110100011011010100111001101101000
100001101011011011101100110111100010010110111100001000011011000010111001001001111001100100100111000010000111010001101110000001100110111000110111
101000100001111100101010011100011011101101101001111010001000100001010110100101000111001011011010010110100010001000111000011101000010111010100110
101011101000100001011100001011101000011100100101110010011000001001100000100001111110010010011001011011101110000010011000000111011011100110101010
010101001011110000100010000010100101110010101100011001010111011100001000011110101010001011100110000100101100110110100010001000001001100011001001
011100101011001001101000100010000010000111110010101001000111010001111010001000100100011101101011101010010001110101011111000010001000101000011011
001010011100101011010111110100100011100001000100010100001111100101001100011101100101111000010001000001001100011001001011101001011001011110000100
001111010001000110010101000010010110010011100001000100000011110101100100010100101110100100110100010000100010000110010101000100010001000111011100
000100101001011111010101110001000011110001110111010001001010100110011001010100110100110100011110111000010000111101001101010111000011001011011001
001110000011110000010011000101110010111001110101110111100000111100010110001111001100110000010101100100111000010001000110000100001110111100001001
000111001110000100010001100100110011010011000001010010110111100000111100011010010000100100010010101100011101111000001101000110100011001001010100
101001000111101110000011110010101010110010011001000001110010010101110000000100111010101110011111010001101110000011010010101001000001010101010001
010110011001110000000100111001110000010111010001101110000011010010101001000001010101010001010110011011101000110111000001111001010011101000101001
101100011011001011110000011010010101001010001110101010001010110010111100000110100111001010100010100111000001101100101011100000001010110010101100
100111000000010011100001010001011101000110110100001101001010000100000101010110000101011001101100000011010001100010111001111001011001010001111110
110000110011101001101100100110110100100101101110101100001110100110010110101011000101010001000111101010000100001010011111010011010101011011110010
011010110001011100100101110100100011010010111100011101010100000001010001101100001101100000100010110011110110011110000111010110001110001010000000
101100110110000111110000001111010001110011101111000010101111001001001011000100010100011000111011001111001011001110010101010000000101100110101111
000010000000001011001111100001110100000000010110011100110011110100001000101100111010000110011110000101011011101001100000001011001110100001110011
000000010110011111000100000100000000101110111110100110001000000001011001111101001110010000000010110011111000011110000001010101100110110000111011
101110101011011100000100000001011001100011110001001000111001010011011000100101111010100110010010110100001110010000111010001001100010111001100101
101100100011110100101011101010011001101010001001011011000001000110000010010110011010001000100110001110110000001111001110110110101001101110101000
100100101011100011100011101100101110001010101110001011001011010000110110101000110111011010001010100110010011011010000110100010100101111010011011
011001010100110110100001100110110001100001111000110010000111001100110000000010000101010111001111000000110100011101000110011100011011011001010110
110000001100111110111011101000110110010000011001100110000000010000110001011010001100000000100011011011010100011000000001000110101110101000111000
000010010101011011010001110000000100110110011000100011000000001000100111110010100100000000010111001001100011100110000000100110011110100111001100
000001010000110101001100011000000010100001111100011100100000000101000011110110111001000000001011000111101101100100000000010001010001011100101110
000000011110101011011011011100000001000001011101110000111000000010011010101011011101110000000100110101110110111011100000001010101011110010000111
000000010011011001100100001110000000101010110111001000100000000001010101110110010001000000000010011011111100100001110000000100110111011001001100
000000001010101101110010011000000000010011011101100100101110000000101000110111001001011110000001000000000010101011001101101010001000000100000000
001010001100110010010111000000010101011101101100101110000000101010111011001001011100000001010001100110010011000000000010100011001100100110000000
000101000101111001001100000000001010101101110010000111000000010011011101100100101110000000101000110111001001011100000001010001100110010101000000
000010101011001101100110001000000100000000001010101011110010100111000000010011011011101100101100000000101000110011011010011100000001010101101110
110010111000000010011011011101101010001000000100000000001010101100110110010111000000010011011011101101001110000000101010111011011001011100000001
010001100110110100111000000010011011011101100110001000000100000000001001001101111010001000100000001110000000100110111011011010011100000001001101
110111010100111000000010010011111110100110000000000100100111011100111011110000000111000000010010011101101100001110000000100110111111011010011100
000001001001111110110011000000000010011011101110101010000000000100110110111011010011110000001000000000010101010101011100101110000000101000101001
101000011100000001010001000100010010111000000010110001100111101001110000000101000010110001011011100000001010100101100010110111100000001110000000
101010010010001100011000000001001000110101011001101000011010001001101000110011001000001110111010111000000110011000101110111101101101100011101110
101110000010000111100111101011011010101000101011100111100000100001111001111010110110111001001110011010011000001000100010010110001101101110110010
100110100110100010001001000101011011001011101100101001100111101000100010001001110110101111001011000110111001111010001000100010011001101011101110
100010101101011110100010001001000101011111001000100100011011010111101000100010010001101000110001111000000110110001111100001000100110011010001100
011001110001100101011111000010001001101000101011000111100000100111000111110100100011100001000100100100110101100011010000001100011100111000010001
000101010101011000111100000100110111101110100100011101001000111010010001101000100010001001111000101110010111010010010010111010000111100000011010
101101101001100110100110101111000001101001000110100010111100100001011001101000111000000010001010001000110001110000000100100100001111011011100000
001010101000010110111110000011010011010000110101011010110010110010110001110000000100100011101111100011100000001000101000011111010110000000010000
010100111110110100000110010101000011001011011001100110101101101101000010010111101001101010111001100001011001001001010000011010011010010111100101
111000011110110010110010000111100100100101101001101010100111100011101100100001111010001010010101111001100101101001011010010000000010110010100101
100010000001000101000100101010111100010101000011100011001000000001011001100011110011000000110110100010100111100010011001011101101101110010001000
101000101001110111011110010111011100100100100001111011001010100001110111011101111000111010100000000010100011101010100001000000000101100110110001
001010000000001011101110100010010101000000010100011011000101001000000000101100110110001001010100000001011001010100010010100000000010111010111000
100101010000000101110110101111000010000000001100001101011101110100000000011001011010110011110110001000110000101001011001011110000110011100010101
000011011011001100011010000111011001100111000110010000000010111010110111100110110001101100010011001011011100110010100011100011110100011000110101
000100011011011101100110111001001101000101101111001111000110011011010010001010110011010001011011010100010001101110110010101010101101110000010110
111000111100011001101101001010101011001101100101111010001010011110011010101100110010000100010101100110100010111000000110100011001011100101000101
011001110000101110001001110111101110101001001101010010011100001011100010100101111010101110010011010101101111010010111110000101110001010010111101
010101010000101010110011101001011110100010111000101010100010101010100100000101101001110000101110001010101000101110101001001000110110011101001011
111000010111000101100100010111011100100010101011001110000101110001010110111101010111000001001010101111100001011100010101101011010101101110010011
101100111010010111101000101010001010100111101110111000001001010010011100001010100100101001011011101110010001010100100111000010011000101010100010
111000100000100101001011101000011110010010111000101110010111001001010111011010000111100010110010001100100001010011011101110111000010001000101100
101011001000010100101001000111110000100010010010101010101110000110001101110101111100001000100010101110001011100101110010011100100110100010001000
101010100011001000010100101001001011101000100010000010010110110010110111001010011010011010001001100000100001101100101110000100010110101110100010
110111101001011111001100011101010101011101101000101110000001110101110010111000011100110011011010001011100000011101101100110001100110001101110110
110010111101100101111010001010100000011101101100110010000101011100101111000010011000101000010110111011100100110111011001101000100010001010111000
101110000110001001110111011100000111100010111010001011100110000001011100100111000010001000101110101010101000100100101001010101110000100010010011
011000100001110111000110111001111100001000100100110110001010100110010001101101011111000010001001001100011110011010101000001011000111110000100010
001011001010101010001001000110010001111100001000100010110110101010100001110011100100011111000010011000101011100010101000011100111001001001110000
101010000011011000101010010110010001110101111100001010100010110101111010101001110100011100011111000010111001001100011010101011101000110101000111
110000110010001011010111101110101010001001010101111010001101100000110010001011011110010010011100011110000011111000001100010010111010100000100111
001001100001000001111010110111100110001001001010010010011010001111100000101110101010011110010101010100011110100011111000001100100010101001101001
000101000111101001000010000011010111101010101000001101110010011010010000100010110001001001101010010010011101011110110100011101001000010000010110
110100110001010010001001110111010001111100000110101101001101010110011010100100111000011101000001100011010011001101101010011010111101000111110000
011000110100110011011001101101110111011010000110000100001000001101010101111000101000111001001001100001000010001011100011011110101001001001110110
111000001111100000111000111010101101110100011101011101100011110110010000011010001011011101010111000111010000111101001011110111100010111001010010
010110110110010001011110100001110111100010101001011100101101100100011010101000100010000101100001010111001000100000000010100011010111101100110000
000101000110010001000101000011111011001011011110010111011101011001001010101000000010110011011000100101010000000101100110010001001010100000001011
101010100001110101000000010110100000111011101010000000110000111010000111010100000001101001101011110010101000000011001011110111011101010000000110
100111101111001010000000001101001111011101110100000000011010100001000100001000000000110100111001100111010010000000100000000011001011000110011010
110001010101110100101111000011010000101101100011100000010011010001010100001110110100001111001000111000000100110100010100110011001101000011101110
010011000001000100110100010001100110010010100100100011100000000001001101000101010111000000000010010010001000110010000000000101010011110001100100
000000001010000110101011000111000000010011010111010101101100000000100100101110111011011010000000110000000010001010111011101001110000000100110100
110111011011100000001000101011110010100110100000001100000000100100110010111010011000000001000101011101110110110000000010010010011000110001100000
000100100101001111100011000000001001001001100011000110000000010010010101011101101111000000011100000001001101100100010111000000000010101010111000
101010000000000100110101010101010100000000001010101010011110101000100000010000000000100110011110001100011100000001000001010100011011100000011001
101010111011110101111000011011010110001100000000011110100010101101110000001101000000111101011011000011101001011011011100000011001111010011011110
101110111010111010010111010000110100000011110101101011110000011101101101110100001101000101000100011010111011100111011011101110000011110001010000
111101110011000001010110110110000000000100100101110001011111000001101000101100101010100110011000111011001011110100011011100000110100010110011001
011011001100010100101100111000001101001001100101111000111011100010111011001101000011010001011101100110001110111000001110110011100000110100100110
111001100100001110001011100100100000000001001101011110011001000000000010010010111011101111100000110100010111011001011100001110010011101011111000
001101001001011101110111000100000100111010111110000011010010010111011101101110111000110010110011101000110100000000001010101010101110111000000000
010011010101011101111100000110100100110011001011011001110010100100011111010001101110100011110000000000100100101110111011100010000001000000000010
010010111011110011100000110100100101110111011011001110010011101011111010001101110000011010001011011100101101010110001010010010011100000110101010
100110111011011010000011011100100100010000001110000011010010010101011110001011000000110010010111100000111100100101010111100001101110010100101100
011100000001000101011101110110111000000010010010111011101101110000000101010100110101010011000000001001101000100010100101000000001111011011000100
110110000111011110111001111001110010100100100110101010000000001000001011101010011100000011010001011011000100110001000010110001110110110000110100
000101110001000011110100110100100101101000001111010001010011110011000100001011000100111010000011010100010111000100110001001011001101101100100000
000101000101110001000100100001101010001010011110101000100001100110111000010000000010110011000110011100100000000101110110010000111001000000001011
001010100010000010000000010100011011000011000101000000100000001111010001100100001100110100110001000110110001000000010101011001000100000010000000
101010100001111001000100000001010101001100010010110000101110101010010111100101101000010110001110001100001011101000100101101000011110000110011011
101011000011011010001001011110000110100101101001000110110000000010000100101100001101110000000100001001011010010011100000001001010000111001010110
000000010011101101011001001110000000101011001111010010011000000001010110001111001010110000000010100100011110001101101000000011100000001010001101
111001000111100000001110000000101001000111100011011000000001010010000110100110110000000010100100101101001101010000000100111001111010010001100000
001000010101101000100010000000010011010111110010010010101101100110100111010100010010100010100011100000100000001010001000110001101011000011010010
011001010010101101010101001101111101100000000100010110110000110011100000001000101111011001101101000011110010010100110100110001011100010101010110
000000000100100110010001000100000000001001101011110001101000000000010010011101100011010000000000100100111111000101100000000001001001110110001101
000000000010010011011100100110000000000101000101001110110110000001100111101101100010011011101000111011011011001000100001110010001101100101111001
100101101111010010001010101010100110000111011110000110011101101001000000001010001001100001101001000100010010010101000011110101001011010011010100
110000000100110100110000111101000001111001101110100010001010011001011000110111100000011010110001100110100001111010011010010110011010000110100010
010110101100110011010100100101100011100000001000001000101111000111100000001110000000100110011101101010011100000001010100110011110100111000000010
010001101000110101110000000101010010110001100100000000001001100110100010111000000000010101001101000101010001000000100000000001010100110100010111
000000000010011001111000101010000000000101010011110001010100010000001000100000010001000000011100000001001101000100010100111100000010000000000100
100100010001010100010000001000000000010101010001000100110001000000100000000001001101000100010101000100000010000000000101000011110001010100010000
001000100000010000000000100110100010001010100000000001010001000100010011000000000010011010011000101010001000000100000000001010101001100010011000
000000010011010011000101010001000000100010000001000000000010011010001000100110000000000100100101010001001100010000001000000000010010010101010100
110000000000100010101010111000011100000001000101111011001100111000000010000101000111010101100000000100011100000100100011000000000111110111011100
110110000000001111110001010001001110000000100001100010110011011110000000110000000010000110011011001101101000000011010000000110000000010001101101
100010001100000000100101011110110011011100000001001010100110101000111100000001110000000100111001111010100011100000001001110100101100110111100000
001110000000100111010111000100011100000001001110111101100110111000000010011101011011001101111000000110110001101101000011010011100111100001110001
100001010010110001110000000100111010110110011011010000000111100000011011000110011110000000110000000010011101011010001111011000110110100001101001
110110101000111010101100011011011001101100011011010000110100111011010000011101010110010100101101110100001101001110101101000111010101100011001011
000110000000010011101111000001101111000000011000000001001010110101000111101100011011011000110110110001101101100011001100000000100101010110110010
011000000001000110111101000110101000000010001100111011001110010001000011111000010110011011011010110100011101101000010111000010000101000100110101
110011000111011010000111010000011001010010001011001011110010010110100001100011111001101110011011110101000100011011110000010111000010100011000111
000110010000110100111011000101110000101010100010010101011011101101001010110001011010101001010000100100010111000100011100110000010110110010001100
001001001101010011000110111101000101010000100110110001010101101011101101001011010001011100001000111000011100011010110010011010110100010111000101
110110001000110110001100101000111101000101110001011111100001101101011010101010010011011001011110110010111110100101111100001010100011000011000100
011010110111010101100110100010111000010001101101010111110001110101010111100000101001111100101000010110001011011101001101110010001100010111010110
110011011110100100011010100100000010100111110000110101010101100101100110110111000000101110001011011101010001011010011001110010000110000000100101
011010100100101000010001000010110011100110011101011001001001101011000100010000110010011001101111111101001101110010110001000100001101001000010100
011101001010011011110000010001000010111101000010100110010110100111011101000100110000100111101010100101010101101001101111000001000100011010110110
011001011101000010011010110000001111000111000100000010111111001110100100111100000011110001101111010001000111110011101101101011010001000100011010
111000010010011001010010011011110100010011000110011110100100010110010100110110111101000100010001100101110010100011010110001001101111000001000100
011001111000100000111101001010011010110000001111000110110110000110010111101110100110101100000100010001101011100001100101110100101001101111010001
000100011010011010011001111001010010011011110010010011101100100011010001000100011001111000100000111011001010011011110000010001000110100110000110
001111010100100101001101000100010001101011101001100111110100101001001111010001000100011000111100100001011011000010011100110110010001101100100011
010001000100011010111000011001011101001010011011110000010001000110101110000100011111010000100101001101000100010001100101101001100111101100001010
010011010001000100101010011100011001011001000010100101110000010001000110101110100100010110110010101001001101000100010001100101101010000101101100
101001110011000001000100011010011000100000111101001001011011110000001111000110100110101000011111010000100110111100000100010001101011100001001001
110011101001001111010001000100001001011010010001111001000011011010110000010001000110010110100110010110001110111001001101000100010001101001100001
000101100100001101101111010001000100011010110110001010011011000011010011110010010001100000100010001100101101001000111101011010001001111000001000
100000110111010101001110100110100011100110000010000111101111110101000100101001101010101001100000100001111100101011001101101010010110101110011000
001000011101000111000100010110100111101011101101100010000101110100101001000111100010001010111001100000100001101101001000010010000111011111001101
110110001000011101010010000101011101101000101100011100100010011000001011101101100110011101101001011011001000100010000010011010011110001001100010
010010110010001000100110100110001000011101100110100100101001000000001011001011101110010001000000010100010111010100001110001001100110110010100111
011110000101011100100011100010011010101110101001100111011101010111001100001000000010011011111011010100010000000101010111010110111100100010001011
010000011101101000100001111000111000010000000010110010101000100000100000000110000110110100101001100000001100001101101010000011000000011000011101
000100001010000000101100110110001000010000000001011101100101010000100000000010111011011000100001000000000101100110110001000001100000001010001111
011101100010000000010100100011000011100010000000101001000010000111000100000001010010000100001110010000000010100011101010011101100000000100000111
110111000111000101011000010001101101100110100110100010101001110001010010000100110111010110001011011100101110011100010010100011001001100100100010
110110001011011111000100111000110001011101000111110001100100110111101001001110000100010111010001111011010101010010011010010011011111000001110110
011110100100011100101101100100110011110011011110000111011101010111010111001001011101001011101010011101110111011001001110010010010110011110101001
110110011110101000100100011110100011111001001011011110101000111001110100100111101001000010000011011000101101111101010001001110011100010000100000
110101111010011110110101010100100111010100001110000111110000010111000110001111011010101001101111011001111110100100001000001011100011001001101001
000010110111100001000001111010001000110010011000010100101110111010010001100110011101011011101110110100001011011111000011111000100110011010111100
100001010101001001110000111110000010000101101110111000010101110101111010010000100010011100111011110010110100001101100110100100001000001000010110
111100100100110101000111101001000110001001110110101110111001001001010001111100010000100010011101011011101010000101100101010111000011111000000110
011110111100011101100101000111110100111111100001111011110011101111011110001110011010101100110100100000111101000011110111011100100010101010111101
001000010000001110110101110111001001001010110011011010000111000011111000000110100010111011011101000101001001101000111110000001110111110010100110
010001010110011010001111100000011101111011110010000010001100101110110100001101101000011010010000100000011001101011101110000011010101101110100011
111000100110011010111100100001000011001011101100111111101001111110100100000111101000011111001011011100110101001011101001000010000001110110110010
111001001100110010111011010000110100100001000100110011010111100011101000011001011101100111111011001111110100100000111100111011110111100100000110
011001011101001000010000010000110101111001000001101010110011011010000111000100001000000111011110111011011101000101001001101100111111101001111111
010011111110001000010000010000110110010110111001101010110011011010000110110100001110001000010000010000110101111000110010101110001111010010000100
000100001101011110101110011001100101110100100001000101000010111001100011100110101001001101001000010001010000100110010111001001001010010011010010
000100000100101011100110001110010010101101110100100001000101000010011001100100000100101011001101000111110000010010110110010110110001000110010011
010001111100010100001101100110001110010001101100110100011111000001000010111001011100100010011101001011001000001001011001000110110100101001001111
001110000010100011000100001111100100110000110100101010100000011110111101000100010111001011101110110110111001000111110001001110111100001111000011
010110010010010001111101000101101110110010110000111011011100100100100011011001010010110001000101001101001001001000000111110010010010110100001111
000011110001101110010010000100000100110001010010110110110011011011101100100000100101010101111010100100001000110011011100001000001011010011011110
001101000010110000110111100001110011100101110001001010110111000100001101110100011111000110011011001011011101000010110111101101001000010001101000
111010011001010000101101110011010010001100011001110100011101010110010011011101110100100011000110101101000111001101001001000100111101000111110001
101100111001010111010001101101010011010001111100001010010110010100110000111100010100110100011110111110100101001010110100001111000110111100001000
001111010101010100100111010011110001110011000010000011000100010101011010010110111100011011101100100000101001001100011010101101010100111000101011
000111100110011011010110001011010100101101110010010001111000111001010111010100010101001011101101100100100010011101110101001111000100110001001011
011000001000101101010111000011010001000100010010010110000001111011000101110000111100010100110100100101110100010101011001010010001110111110001100
011011011000000000010000010011010101110000000000100010101010101001100000000001010101001101010011000000000010011010111100101001110000000100100111
111011001011100000001001001111110010000111000000010011011111100011101110000000100111000111010110011100000001001110001110101111000000000010100011
011110011101110000000101010111011111000011000000001010101110111110010110000000010011100001101001101010000000100100111110100010010000000000111010
100110001010110000000010000100101000010101110000000100101001001110101100000000001000101101110001101000000000010011011011010011001110000000100010
110010100111100000000001001101010101101111000100000010000000000100100100110111000100000000001001001010100010010111000000010001010011010101011010
000110011110101010111100011010010100100101110110100001111000001010101110100111100101000111011100111000000010010010001010101011010000111100010100
110101010010011000001101101100110000001101000001010101110010100110100101011010111010000011001010011101101100110001011100001110110110010001010011
010100111011010100010011000100110101100100001111000101000101010100111101101100111101011000000011110100001111000100101111011010101010110110000001
011101000100101110111011011000110010100101100000001101010000111100010000110100101100111011101001000011110001010001010100101101011011110010010110
110000110011000101110111101100101111000101010100110100001100110001100110111011000011010001010111011101000011101110010101100101101111001100110101
110101100000000011110100111001001110100001100111101010101110010110100110101100111111110000011010000011111010010101011001101010101111001100000000
100011010010100010011000000001000110101100000010110000000010001101111000000011000000110100101011110000000100011100100101010101110100001101001010
111101000001000110101001000101000110000000010010101111011001001100000000100101010011010100011000000001001010011111001000110000000010010101101101
000111000000110100101011111000001011011100100011010101110100001101000110110101000010111111001000110101011101000011010001101101011001001111110011
001001010101100000000100101010111010010011000000001001010100110100101101000011010010101001101001001001111010001101010111010000110100011010111000
010010111100101010010100110100001101001010011110100110100111101000100101011101000011010010100111101001001011110011000101010101101000000110100001
101001010100110100100101111101000100111011101000011010001100111100001001011110010001101010011010000110100011001011010011010011100110010011011011
000000001000110010110100111101000011010010100101101001001011110011001001010001101000000011010000001101000011010001100011101001100111110010101101
110011010000110100011001111000010010011100100011010100110100001101000110011110100100101111100110100111010110000000010011100111110001101100000000
100101000111100011011000000001001010010111000110110000000010010100011110010011010000110100011001011010010010011100101011011011011000000001000110
001110100101101000011010010100101101001001001110010001001110001100000000100101010011100010110110001100110000000010010100011101001111010000111100
011000011010011001011100101011011011110100001101000110010110000100100111001000110111011101000011110010100011101001001011110010001001110101100000
000100101001011100010010100000001001010010111000101101000011010001100101100001000111110011010001010111010000110100011001011000010010111100101011
010100011000000001000110011110000010101000000010010100001101001001010000000100011000111100011101100001101000001101111101100001101101101000011110
100000000010000011101111010110100000111011010111111100101010010110111101010110100100001100111010011101000101001110110001000101011000000011110000
011011100010001011001100010101010110000001000100010111110110100010110001001101011011000100000001001001111110101010010000000010010010111011011100
010000000100100111010110101100100001111010001101101001100110100101110110111010010000000010100011001010011000110000000101100100110001000001100000
001011101010100001100011000000011000010001000100000110000000101110110110100111010000000001011101001100010010100000000010111010111010100001000000
000110000110010110110001100000001100001100100001100011000000011000011001010010100100000000101110110110000110000100000001011001001101001010110000
101010011011111000010101110110010110010011001100000110100101000110100110100001110101100100100100000001100110101110101001101101110010110110111010
110000000010000010101011011101110000000101010001011001011011100000001001000100110010010111000000010001001111101011101110000000100100011011000110
100000000001001101101101100110110000000010010101101000001101100000000100101010011000001011100000001001010100110000100110100000001100000000100101
010011100010011000000001001010011111100110110000000010011011101111010001100000000101010111111110101011000000001010101111111101100110100000001100
000000100111000111110011011100000001001001111110101010110000000010001011001100011100100000000100000110011110101001000000001010101001111010000010
000000010100010101110100100100000000101110011110111011001100000001011100101110010110001000000010010010111101011100010000000101000101011100111100
100001111000101100110001010101100010001001001101010000011001010101001011011010001010100101110010101100000000011111000010100011011100000001000101
110100001001000000000010001011001100011010000000000101010101110100111100010000001000000000010010010110111100011100000110100000101010001001101110
110111011110110101100001110111001010101010111001101101110101011011010000100001100011001010101010111001100001110111011010000110101000100101000110
100111001011010011110011100000001000001010100010101000000000010010011001010011110000000000100101000010110101011100000001000110010101100110111000
000010010101011100001001100000000100111100110100010011000000001001010011111001000111000000010010100111111011101110000000100101000011111010011100
000001001010001111110000110000000010010100011111010101100000000100101001011100100011100000001001101110111101100111000000010011011011111100101110
000000100110110111110101011000000001010101101111100110110000000010101011111110001001100000000100111000011100001011000000001010110000111000100110
100000001100000000100111001011010001011000000001010110010111000010110100000001101000000011000000001001110001111000010110100000001100000000101011
001011100010011000000001010110100110000010110000000010101100101101000101101000000011100000001001110000111000110101000000010000011011101001110010
000111011111000110000010110011010101011101101100100010011000101100101100010111111001100111001000010000000010101101001100000000100000000101001001
011100011011100000001001100111100010100111000000001111011001011101001110000000100010101010001011011100000001000101011011010100111000000010010010
101000100101110000000100010100010101001100000000001001100111101010011000000000010010010001010100101110000000100000100110111001111000001101000001
010100010001010110100101001101101110000011001101011111010100110011010011001110111011010000111011010111110001001011111011000011011110110100001101
000001011101010010101101010111011001101110000011010001010111010100001101001100110101111010000000000100010101110111000111010001101110100011001110
000000100011010010000100111000001111000101110100001001010101101100100101111110000011110001011011010011010001000010101101111010000000000100010111
010001000111010001101110000011010001011011010101001100111001101110011011101000110111000001101000101101101110100111010000111001001100111000000010
001011001011101010000000000100100101010101010111000001101000001110101110010111011100111001011101011000100001100100011011011101110111010110010111
010100001110011000111110111001011001110100100110110101000100101000101100101010011000011000110111001011001000011110000011101100100101000110010010
011010110110001011100100101101100111100011000110010100100111000001101001001001100010001000110001010101011010111000000010010011001101100010000000
000100101000011000101100000000001001110010101001000111000000010100101000111010101110000000101011010010100101100000000001010110010101101000111000
000010100100111011010001111000000100010000001000000000010100100101011010010000000000101001000110000101100000000001001110000110010010111000000010
011010111101100101010000000011110101011011001010000000000100110101101101111010000011001001101001011100010111001011010010011001100000000100100010
110101011011100000001000100110101011000111000000010101001110111110010000000000101010101010101010100000000001001001101110010100111000000010010011
111101101010000000000100100111011001001100000000001001101110101010011000000000010011011101011100110000000000100100110111011011100000000001001101
011110010101110000011010010011101101101101111000001101110001101111000000111000001101000101111110010110110100000100111001001110000011010001100001
100101101111001001001101101101110000000100010111011011011111000001101000101101110010101001011000010111011011110000011110010010101010101010011001
000101110010111010001000100100101010101011100010100000011101101110100010001001101001100010101001110000000111001011110000100010010010111000101010
101010000001110011011100001000100010110010101011100010000000011100101111000010001001001010101010111001100000100101011001110100100111100001000100
010101110101011100010000001011100101110100010001001001001100010111001100100010111001101101100100011011001000111000010001001001000011110111010100
000100111011001101000100110010001110110101010111000001101111001111010001000100010011101101100110010100011100101101110100010001000100111011011001
011100001001001011101100000011110000001110111110111001000010110010111011000000111100000100001101101110110010100101101101110100010001000001000011
011001110110001000111100111101000100110001001110100101111011101010101111110111001001000110000010001000000111010111001110101100111001101011100000
100010000010000110110111101010001110010110111000000111100010011101001100111010110011100101101110100010001001000110010110111101110101010111101011
101000100010010001010100101111001101011001011111011000001000100110011001001011110111010101010111101110000010001000100111010111001110110101001001
101011100000100010000001110110110111101010010010011010111000000111100010011101011100111111000100100101101110000010001000100110011011001101111001
010111011011100000100010000001100111110111011100011001111011011000001001100110010001001100110111010111010101101110000010001001000110010011001101
111101000111011101100000100010001010000011111011101100010010010010110110000111100000100101011110110110000100101100101101100010000100101101101111
101011100101011011011001001000100001100010101010110110111011001010110101110000001010010010110010111101101110010100100101011011100001111001000111
010110101010100001101011000100111000101010100001100100100110011001010110010101110000001001101000100001000111100010011000100100100100000010001010
100111010110001001110010001000111001001000101010111011100101001101001010100010001110010011001001001100000001100001110011101011010000100011000010
110110010100111001100010001110000110000000110001000010000110001100000001100001110100001001010000100110111010010111011001011011011101101110010010
000111101100110001100100011010111000011100100100000010011011001011011001101000100110000110111000111000111010101010110110011010011011011001110010
001110001000100010101001111000011110110111011011100011000010001000101010100010101000011001101000101000110000110001110011101000100001101010011101
101010010000010100001101010110101001010110010100010100101100000101000001011000101010010100010101100101001011000101001110000010011000111100010101
001010001100100011100100101000101000010110010101110110011100001000100111001100001010010010001100100110110011001001000110010011000010100100000011
101111101101101000010010100011110000100111000000111100011011010011000010111000011100001001110000010000111110110110111000101001101011000010011100
000100001101101101001110011010100011110100100110111101010011111011000100001000011000101100001001101111010110101110010001011001101010001011010010
011011110101001101011011110100111010010100110000100110111101000011110001010101010000110101001011001001001001011110111101110011001001101001110001
110010101001000110110101100100110000110010100100011000101000111100111010111001000011101110111001000110101010010110010100101100101101001000010010
111000011011100110100011111000001101101011000111110001010010110111110001000010000011101000101010001100011000101101111100010000100000111001111001
100011000101010100100111000100001000101101011010010111110001010011001011110001000010001011010111101001111101010000110010011101010000111000011111
000101100011110111000101101010101000111101001000010000011000111110010101010010001010001111010010000011110110010101100100110010011010011100110100
100001000001010101011011010100000110010110111101001000010000010011000110010101000000100101110011000010000100000100110001100101110000000001100110
110010011111101000111110000010001000110010110111000101010010011010001111011100100110101100101001100001011100101110010011111100000111101111001111
010110010100111000101110110111000001110100000010110001100101010010001011101101110110011011101100110111010001110100000011110001100101010000000011
101110110000011101000001001011111001011011000000111011001100000111010001010000111110010110111000001010111011000001110100000100010001100101001110
000011101101110000011100111101000100011011001011000001001011101100100110111000001110011110011110001101101010000000100101100110000011100111101000
100011001010011100000111101011101000111110000010000111110010110111000001010110111001001110110000011101000100111011111001010100000000111011011100
000111010000010001000110110010101000010010110111011001101110010011101100000111010000010000110110010100111000001110110011000001110100000100110001
101101101100000010110100110000011101000101001011111011010011100000111001001100000111010000010000111110110010110000010010110011010001101011110100
010001101101001010000100101101110010011011100100111011000001110100000100101111101101001100000011101101110010011101100000111010000010010110111001
110011000010110110111001001110110000011101000101000010111101000010100001001011011100000111010000010010110111001100101000010011010011000001110011
110101001111110010001000000101101011101100011100110101110101011010100011100001001010111100000111001100011101010110000111001000110010010110110001
110001110110110111101010110100101100010110101100011100100001010101111100101100001101000011101011000111001010010011010111001000111010110001011010
110001110001011000011001100010101100111011011101101000011100011101010110011001010011101011000111001001001001110000010111011100110011001011001100
101110010001111011110011110001000100110011001100100011100100011111000100110011110011000100101111001001001000001000010100010010101100001111000011
101110010001100001111100010011110001001100010000111100011011010100011110101001011101010110101011110001000111000101000111101111010011000101110000
110100001101110010000001110101010101001011000100010111000010011101101100011110111001010011010111000110101100100110111100001000001110010100110101
110101011010000110001111000001111011110110001111100101010010001001100100110000100001000001011100011011010100100010011010111101001000110000010100
110110010101000001101010101111010010001100010101101011011100110110011010100100110000100000111001111011010101001101000100101001011100000111101000
011001011101101011010010101101110110110001111010000101010101101011010100101011010101101100100000011001110101111000101101101010110011001001001000
000010100111100110001111011001010001110010000001110000101010111001100011010010100011101101100100010010010011011110111000111100101100110110111101
000011110000011010110100010111110011010001110001110000000100100100110101001011100000001000101001101010100111000000010011010011000101001110000000
101010101001111001011100000001000101010100010100111000000010001011001010101101110000000100010101110101011100010000000111000000010001011001010101
001110000000100000110110111010011100000001000001111101010010110000000001111101001000100000110000000100001000101111010001100000001010001111010001
110100000000010110101000011011001010000000101101010101100100010000000001011010010010001100011000000010100011100100011100010000000100010110101111
001000100000001000001100100010010011000000010100010110110011001000000000110000111110100101010100000001100101110100001100101000000011001011101010
011101011000000010100000001100001111110001100101000000011001011101101011101010000000110010111010110110010100000001100101100101110000101000000011
000011011100011101000000000101100111110100110000100000001011101101101001000001000000010100010111010011000110000000101101001111000101010100000001
011010010101101001100000011110110011001010001101111100011001010010001010000000100001011101010110011000000001000110100011001010110000000010001101
001000001101110000000100101000010110100100000000001001010000101101011000000000010001100111011011001100000000100011010011000101010000000000110110
100011110001001000011001000101101010011010110111100010110111010110001000100000110101011010101010011000100100101101100001100101010000101011001010
101101111001001011011000011001010011101011111010011010011010001110111000000110011100100110101110100110010110101010110010110000001100000011001100
011001011110110001010011110101011011001000111110000001100110001011101111011000100101001010111101100000011001101010101100110110010111011010101110
101100000000100000011110111101010100000001000000110101011011100000011010001001101000110111011000001010011011111011000110110100001101001000110100
011001010100100101001101111101100011111010000110100100100001111011101110010000100111111110100001111001001001011110111010100000001011111101101100
011011100000110100010101010001011101001010001101111110111000001101001001010101010101010010100001001101101110100011011100000110100100101110101011
100101010000101110101111010001101101100011011011000111110110001101101100011111101000110111000001111000101100101010111001010000011001011100111100
000011100000110100100110010101011100101010000100110101111000001101000101101101010111000010100001011101101101100011111011000110110110001110111100
000011011000111011110000001101100011011011000110110110001111101100011101111000000110110001101101100011011011000111110110001101101100011011011000
111110110001100110000000010010010111010101111011000110110100001111001001100100011001000011000001101101101101000011010001010111010101110000110000
011011010101100000000100100101010001011011010000001101100011011011000110110100001101001001011011111001001010100001011101101101100011011010000111
100010101010001100100101100000110110110110110001101101100011001101000000110110001101101100011011011000110011000000001001001011011011000110000000
010011010010101110001100000000100100101001111100110100001101001101010010111001011010000101011101100110000000010100010100100110011011000110110100
001101000101010011011001010010100011101101100110000000010010010010100110011000000110100000101001101101101010010010100110111101100001110011110010
110011011000100001011001001011010000100000110100111100110101111001011010001110110110001000010010110110101101101110100101101011100101100010000110
001011100011101100101001101010111001100100100010110001000010000110110111101101010110100101011101101100010000101001011101111011000101001001010111
011100000100001101010011000110111001100010010101110111010001000011110101001111101101110110110100010101110100001110111101001100011001010101101001
000101101101000100010000010011000101110001100001110101111011100001000100000100110001010011110110011100011101111000010011001001001100010100111101
000110110111001101000100010000010101000101010001010001010001111011101001000111010010001110100100011100001000100010100110001010100010010100010100
011111010010001110000100010000010100111101010011010001110001110111100001000100010101001101010101110010011011011110111000001111000101011011010111
011011100110111001101110000011110000010110111101110101000010001101111011100001000100000101010001011100110010101011100011110110010001101000100010
001010100111101010011000010001110010011010001000100010101001011011101110000100011011110110110001111101000100010000010100110101110100111010010001
111011010001000100010100101101011101110000100100011101110100010001000001010011110111010011100111001001001101000100010001010010110101010101000010
001101110011011001000110100010001000101001011010111011101001000111001101101100100011011001000110000010001000101010011010111011100001000110111001
100000100110010010010101101010101001010001101110011000001000100010100101101011101110010100011011101110010010001100000011110000010010110110010101
001010001110011011001000111110000010001000001001011010111011101001001000111011011000100110000010100110101110111000010010010010010110001000100010
100101101011101010010100100011101101100010001000001001011011001010100101010110111101011000011110000010100111110010111000010001110011010110000111
100010100101011100101110010100011011110101100010001000001001011011001100101001011000111011010100100010010001001011100101010001100101010010100100
100100101000010000111101010011011001011100101101001001101010000100001101010110111110110111010011001110011010011000111100100010000110001100100011
011011100101101010111011000000100001001011011010110110101001010010110010010000001001011100101010001100100010110100101011101011100010000100101101
101111000111101001001011001010111000100001000100001011101110111010010110110010101110000111001111000110111100100110100110100100101011110001110110
000100001000011111100110001111010011010101110001100001000010000111110111100011010101000100100101010100010000110010000100010010101101110001000111
010101000100001011100100111100001101100101010010010001010000111010101001010001001010110111000100101011010100010000110110001100001110111101010011
000111000100000100001110100100111100001101001011101110010001000001000100001000101100111011110000111100011100010000010011000110001011110000111100
110000110110110100000111010001011110111011101111010011110001101101000001000100011000001100111100110110111011011011010000011001000010010010101111
000100101110110111000000000001000001001100101001001100110011001110111011100100010000010101000010010011010001000100001100111001000100000111010000
100011000011110011000100010001110000000000010000010100111110011100010001001100010000110110110100000101010001100000111100001111001011101110101101
000010100100001001010000111100010001000011011011000000000000010000001111000010000100001111010101001110110101001111