001100110110111101110100001010111011110001000100110011001100010001101000101010010001001011101101101100111011001001100010001000110010011001010111
101010011000100110100101101101000011010100000111010000100011010011000100010011010000110111000010000011001000111101001111000110110100001110001111
011110110001101101010100101101001101000001011011110110110000101011110011000100011011011100100010011101111111110000101011001011000111000111000111
100101110111101010101010101011110001010010000001011001001011111011010010100010110100001100011000101000000111010101101110111011110000100010110110
000101100001110101000100010001000011101000101110110010010011010111001010111101010011001100011010111000011010110101111011010101001101110101011000
011001000000001111100100111100110100000000100011001101100110101010000001110100100111100001010011111001101111000010010101010110001011111000010100
110110100011110000100101010001010011011110000100101111101100100100001101011101110101001111100001000100011010101000110011110111010101010010101000
000001001010011010101101010000000010010100010011100011100001000100000111101001010110010111010101010100111000010011000101100011001101010101110001
100011001110001000010010010010101010010101101011010101010011100010000100010011101010101101111101000101001100111000011010111101000010110011110111
010101010101101110000101110000001101000100111011110100110000110111100001001100010011001111000110111101001100000100111000010001000001001011010011
101110110011000001001101000100101100010111000100111001100100110000010010100001001100000100001001010110011000110100010100100000010001000101000010
110011100101110001000111101001000111110011011010110010101110111100010101110110010001101001111000010001001100110001000101010101101100011110010010
110100010110100011011001010110111110000111001010101010101100001010111110010001001111100001101100101011001010100011110101001101010011101000000001
010111001100000111010000000010101110000111001111100001010100101010101000101100011001010100001101111000011000111010011011010000111101110110110001
010110000000010001101000110100101010000000100001010101101000010000000001001010011100001010100000000010010011111010011100110000000101010111110100
110001000000001010110011101001000111000101110010100100111100001101000101010001010000100000000101001011101100011101100010011001010001011100011100
101001001010111011110000111000111110110110100010011000100110000101111011010000110100011010101011000011001100111100110011010100111110000101101111
101110110011101111001101011001001111100001011100101011101110011011110101000101011010101000000001001010111100000111010000000010011110011010001110
100000000100111010110110011101000000001001110001110001001001000000010010100101100001110000000000100011010010110100100000000001001110010110000110
110000000010010101101000010001010000000100011100001110111001000000001000011000100001110001000000010001101111000011100010000000100001100001110111
000100000001000110110100001110001000000010001100110111100101100100010100011001101110110100001111000100000011010101000001000110100100001100111100
010000110100100101000111110000011100111011101110110011110001001101000001110100010111101110101011001100110101010010010000010111000001111011101010
110011110001010100110100000100101111011001000100001011001011110001101001000001000100000111010000110011110001000101011011010010100110100001010101
111100011000011001111010100001101001101000001100100000110110000110011010010111100010011001100011111000101110100001010111100001110110100110100000
110001111011111000011001111010011110001001101000100010100010110110100110011101100111100010010010000011110111101111101001100111100001111000110100
101000110010001100110110010101101000100110001101001010001100100101010101010100011110110111100010010010000011001000110010010101000111101010010110
100110100000110000111011111011100001111000100010001110001000011101000011001110110111011110000110011011100010000111010001110011101110000111011101
110100111000101000000010010101110011011110000000000100101011001000101100000000001001010100010010001101001111110001101000100100001001101100110001
001101110000000100011000101011010011100000001000010011010110101001000000010010100110101101010100000000100111011001100110101000000001001111001010
101101001000000010010110000110010110010000000100001011001010111110100101111000010010011010010010101010101000001101100001100101111100100101001101
001100011110100010010110011101100001001101001000001110111000010000110110000101100100110111011001110110100110000100011011101001000100111111001011
011100111000101010001010111100001110010001110010101000001010111011011011110111000011000100011110101110000100101110010100111011110000101001001111
011011101000111010101001001010111100001001010101101110101000010010111011011010100111000010010101110111101001110110110010110100011001101000110001
000110001010011001011100011101000101110100001001011011001010100111001011101000011000100100100010010110110110101010000101110110111000001001100000
100101010100111000011010101011101001101001111100001001010111000101111001011011011100100001101111000010100111101111011010010110110011000110011001
110000101001110100000110100110001011101101101001111100001010011111000001010111101011001011011001011111010010111110000101001111011100101100010101
011101010001001111101001011111000011010110101101011010001000101110111010010111011000111001111010100111100101111010011110100001110100001101100010
100010001000100010011000101010010101000010111011001101100001000011011001111001000111011000111010111011001010010000101000100010010001101010000000
101111001011010011001000000001100001010101101001000001000010100010000111010001101010011010001101110000011010101110011001110100011010010110100010
011100000010011011101001100000110110100101101000110111000001000010100001011000010001101010011010001101110000010010101100010010000100010010111000
011100100100000100111011000111011100110101101001111000111001000001001110111010011000001000111010011110010001111000001110100100011001110101101011
110111100001011111010100011110000111110100001110101010010011111100010100101111100001101101010100001010101101011101000101001011111000010111001101
010010101101011110110001000010111110000101010010011000100100010111101100010000110011100001001100000111001101010110011011000100010100100100000000
111110010011010111001000000010000100010100101010100000000100101000100111000111000010111001110010010001011011101110111000010111110100101111100001
010100011000101011000100110011011100001100111000011001001010011010010001000101111000110011000110000000010010100100101100001000000000100001010110
001011001000000001000110001011110110001000000010001100100101101010000000000101001001110000110100100000001010110101100001011001000000010011101000
101011011100010011100011010001001001010010011011101001011011100000001000010010010111001000000000010001101000100101010100000000100101010101011000
101000000001010111001010101011010000000010101110100111010010100000000101001110001110100101000000001010110111011000111110000101110010100010101011
110111011100010000110111100001100011101000001101010101110011001011001110110100011101000010010010110010110100010000100011101100001000110000100110
101100101101001011000100111111000010000010101000001110111100101110110100001110111000011010101001011100010011100110010001000011001110000110110000
010100111011010111011101010001001011100001101010111000010100111101110101010101010010111000011100100111000100010010111101011001010100111110000111
001111101010110011001011010110110101010011100001101100001010001110101010110101100101010011111000011000110110101011101101000101111001100011001110
000110101000110001000010110011011101010000001110110010010011111001010000100010101111100101001010101100011011000110110011000110111101010111010100
100011000000010001100101000010010010001101100100111110100110011001111000101011110001000000001001101100110001001000001000010011011011100010101010
111011010001110101100001011100010101010100111011101010111101011011010100011111000001101011101100111011010001001001001101000101101100100011000011
011001101011110000010111100010001100001000101110101101011101001101000011101000000001001110100011101011010000000010101110101000010110101000000101
000000001010110110100001011010000000010011101011000001111100001010100101010101100100100010011011101000100111000010110111110101010001111000100111
010100011011110000101001101101000101011101111001100110001010011100001010010111001110000111010101111000101011011110100010110011010111100010010110
011110011000111001011000111000101101101000101001011001100101101010010010001101011001001001010111010110001001011010101100000011100111110000011101
100111011110010110011101000000101110001010101011010001101001100010101001110000001110101010100110110011010110001000100010100100000011011001001010
101001011000100110001000111001001000100110100010001010001101111011011010001101111100001011011010111101100110101111001001101001011111000011001000
001100011101111010110010101010000111110100110011100001100100010101101010110101111001010100001010111010010111110100110011101001011111000010111000
101010011001111011110110011000010101110000101101111011000111011110011101100110100101111100001100010101000001101000100111001010100000100101100011
100100001110100010101001011110010110010101010000110010010010110111010001111011100110101101110010001110100110101001100101011110001010101010011100
000011111010001011011101000111100110101010111001000000110010100010011000010010001000100010101001110010001100100110110101110100100010011000101011
100111000100000111110000011101101010110010101010000111010000000010001011101000011110110000000100110111010000110101000000001000101110011101111110
000011110000011100110100010011100100010100101011100010011100010101101010111100010100111110011010111000100011000101010011001111010111010001010100
101110100111111100001101100100100001110111101011101001101010001111000011001000001100100010011011110110011010100101010000000001111011111000100111
100001011100001000001100111100111001100110000101111000011000101110011101001101010110010001010001001100000111010010011010101101001001001101110000
010110100001101100100111001101000011110011010101001101100100011111001101101011101100110101010001010111001001000111010101010100110100010010110100
111001110010000001111101010110010000100011110011000101011011100000011011010001011101001010110100101111011000100001000000010100010111010010000010
000000101000111010100101001000000001010110100101001010101001111010010100000110010101100110101010001010001010001011100111000001110101010001011001
011011100000100000001010010111011000111100000111010000100000011011110101001101010001110111100010001011110111110000110100010101010101001011111000
100001000001111101010000110100111001100010101110000111010000011111000100001011000110011001001011100001101011101000110001001010010001100110010011
111000011010110110000101001100100100010101010100101110000101101101100111010011101101000110011001101111100001100011101001110001000011010101101101
010100111000011001000010001011101110101101111001010101001110000110010000100000111100001011011110110100110111100001011011001001110101000100011001
011101001011111000011000101010010101001100111110110011000000111011000111010001100000111010100111010100110000101010100001101100001001001110110010
110111011100001011100100011111000101101101010010110011110101010110101001000111010011010111010011010000111100010101101100100000000101000110010000
110110100010100111001111101001101000110110001010010111010000000010000011101010011110100000000100101000001110110111000011101001001101011001111001
110010001010100101110000110010010010010110011010101110011110101001011100001100100000100101010111110011100110101001101111000010100111101001011110
101101111001111010101001110000100101010011100111101111011100100011001101111100001001001011100110001001100110101001101010101110000010010010011110
100010000110101010011010101011101000101000100111001011100101010110101010101110111100001101001011011110110110011010011011110010011110100100010010
011010101001100111100110011000000111011000101100100110001011011110010111100110100101110010010000010101000110000101011110000111101011101101000010
110110010001011101001100100110001010100111110000101001111011101010010010011110100111001000110010000000011100111110110110111000011110110110001101
101101001111001111000000011110001000110000100001010010010101110011110000100110000000000100100110110100100100000000001001001011101101000111100000
001100000000100010111110000101010100000001000101111100001000001000000001111100101000011100010000000011001011010001001000000000100000110010001011
110110011110001001101010000101001010011010010010110110001000100101111000100001011010000111000110101111100001111001100110001000100110101001111110
001100010110010010011011100110100110000110010000011111001001100110011110011010100010100001100111010111110001011101100110100010001000111010011001
10100110001111100001111000011101101000100111111